RT 1.0
#BACKGROUND
20. 20. 40.  
#SURFACE
0 0. 50. 0.   0.  255. 0.  255. 255. 255.  20.  1.  0.  1.
0 15. 15. 15.   0.  0.  0.  255. 255. 255.  40.  1.  0.  1.
0 50. 0. 0.   255.  0.  0.  255. 255. 255.  20.  1.  0.  1.
0 0. 0. 50.   0.  0.  255.  255. 255. 255.  20.  1.  0.  1.
0 0. 25. 25.   0.  255.  255.  255. 255. 255.  20.  1.  0.  1.
0 50. 0. 50.   255.  0.  255.  255. 255. 255.  20.  1.  0.  1.
0 80. 80. 80.  220. 220. 220.  255. 255. 255.  1. 0. 0. 0. 
#LIGHT
-20. 30.  10. 255. 255. 255.
#SPHERE
0 3. 0. 3. -12.
2 3. -3. -3. -10. 
3 3. 3. -3. -10.
4 3. -3. 1. -16.
5 3. 3. 1. -16. 
#BOX
1 -30. -8. -40. 30. -7. 0.
#PLY
5 ../../resources/bunnyres4.ply     60.  60.  60.      2.   -7.   -11.      0.   0.   0.
#FILM
5. 5.
#POSITION
0. 3. 5. 0. 0. 0.  0. 1. 1.   !up
#GRID
1 1
#LENS
45
