RT 1.0
#SIZE  ! Teste para uma esfera e um plano
300 300
#BACKGROUND
10. 20. 20.  
#SURFACE
0 0. 50. 0.   0.  255. 0.  255. 255. 255.  20.  1.  0.  1.
0 15. 15. 15.   0.  0.  0.  255. 255. 255.  40.  1.  0.  1.
0 50. 0. 0.   255.  0.  0.  255. 255. 255.  20.  1.  0.  1.
0 0. 0. 50.   0.  0.  255.  255. 255. 255.  20.  1.  0.  1.
0 0. 25. 25.   0.  255.  255.  255. 255. 255.  20.  1.  0.  1.
0 50. 0. 50.   255.  0.  255.  255. 255. 255.  20.  1.  0.  1.
0 50. 50. 50.  200. 200. 200.  255. 255. 255.  5. 0.3 0. 0.5 
#LIGHT
-20. 30.  10. 255. 255. 255.
#SPHERE
0 3. 0. 3. -12.
2 3. -3. -3. -10. 
3 3. 3. -3. -10.
4 3. -3. 1. -16.
5 3. 3. 1. -16. 
#PLY
6 ../../resources/icosahedron.ply     1.  1.  1.      -2.   4.   -7.      0.   0.   0.
6 ../../resources/icosahedron.ply     1.  1.  1.      -1.   1.   -5.      0.   0.   0.
6 ../../resources/icosahedron.ply     1.  1.  1.       5.   1.  -13.      0.   0.   0.
6 ../../resources/icosahedron.ply     1.  1.  1.       6.   1.   -5.      0.   0.   0.
#FILM
5. 5.
#POSITION
0. 3. 5. 0. 0. 0.  0. 1. 1.   !up
#GRID
1 1
#LENS
45
