RT 1.0
#SIZE  ! Teste para uma esfera e um plano
300 300
#BACKGROUND
20. 20. 40.  
#SURFACE
0  80. 80. 80.  220. 220. 220.  255. 255. 255.  20. 1. 0. 0. 
0  50. 0. 50.   255.  0.  255.  255. 255. 255.  20.  0.  0.  1.
0  15. 15. 15.   0.  0.  0.  255. 255. 255.  40.  1.  0.  1.
0  0. 50. 50.   0.  255.  255.  255. 255. 255.  20.  0.  0.  1.
#LIGHT
-20. 30.  10. 255. 255. 255.
#SPHERE
1 5. 3. 1. -19.
3 2. 3.  1. -6
#BOX
2 -30. -8. -40. 30. -7. 0.
#PLY
0 ../../resources/bunnyres4.ply     60.  60.  60.       2.   -7.   -15.      0.   0.   0.
#FILM
5. 5.
#POSITION
0. 3. 5. 0. 0. 0.  0. 1. 1.   !up
#GRID
1 1
#LENS
45
