RT 1.0
#SIZE
350 350
#BACKGROUND
0. 100. 100.
#SURFACE
../../resources/br.png 0.   0.    70.  0.   50.  255. 50.   70.   255.  5.  0.  0. 1.
../../resources/quad.png 80.  80.   0.   215. 215. 0.   225.  225.  30.   5.  0.  0. 1.
0 20.  20.   20.  0.   0.   0.   255.  255.  255.  500.   .6  0. 1.
0 40.  20.   0.   0.   0.   0.   0.    0.    0.    500. 0.  0. 1.
#LIGHT
0.  400. 0. 200 200 200
#SPHERE
0  50.0   100.0   0.0  150.0
1  50.0  -100.0   0.0  150.0
#BOX
2  -300. -150. -250. 350. 200. -170.
3  -310. -160. -201. 360. 210. -171.
#FILM
35. 35.
#POSITION
50. 70. 400.    0. 0. 150.     0. 1. 0.
#GRID
3 3
#LENS
35. 5.6





