RT 1.0
#SIZE
250 250
#BACKGROUND
110. 110. 110.
#SURFACE
0 20.   20.  100.       0.   0. 255.    255.  255.  255.   50.   0.  0.  1.
0 160. 160.  60.     180. 180.   0.    255.  255.  255.   40.   0.  0.  1.
#LIGHT
0. 20. 100.     255 255 255
80. 180. -100.     155 155 155
#SPHERE
1  5.0    -1.0  0.0  20.0
1  5.0    -1.0  0.0  -20.0
1  5.0     2.0  55.0  20.0
1  5.0     2.0  55.0  -20.0
1  6.0     2.0  202.0  32.0      ombros
1  6.0     2.0  202.0  -32.0     
1 18.0     0.0  235.0 0.0        cabeça
1  8.0     2.0  203.0 -125.0     mão (dedo)
1  8.0     2.0  115.0  45.0     mão
#BOX
1       5.   -5.  -25.     25.    5.  -15.        pés
1       5.   -5.   15.     25.    5.   25. 
;
1      -5.    5.  -25.      5.   50.  -15. 
1      -5.    5.   15.      5.   50.   25. 
1      -5.   60.  -25.      5.  110.  -15. 
1      -5.   60.   15.      5.  110.   25. 
1      -5.  112.  -25.      5.  210.   25.        corpo
1      -4.  200. -115.      4.  210.  -40.        braço esticado
1      -5.  125.   50.      5.  210.   40.        outro braço
1      -2.  205. -145.      2.  209. -135.        dedo
#FILM
35. 35.
#POSITION
160. 150. -65.   0. 130. -35.    0. 1. 0.
;150. 150. -20.   0. 130. -20.    0. 1. 0.
#GRID
1 1
#LENS
20.
