RT 1.0
#SIZE
200 200
#BACKGROUND
10. 10. 10.
#SURFACE
0 0.  20.   0.      0. 170.   0.     0.   0.   0.   25.  0.  0.  1.    !  mesa      0
0 20. 20.   0.    100. 100.   0.     0.   0.   0.   50.  0.  0.  1.    !  moldura   1
0 20.  0.   0.    200.   0.   0.   255. 255. 255.  100.  .1  0.  1.    !  vermelha  2
0 20. 20.  20.    200. 200. 200.   255. 255. 255.  100.  .1  0.  1.    !  branca    3
0 0.   0.   0.     20.  20.  20.   255. 255. 255.  100.  .1  0.  1.    !  preta     4
0 0.   0.  20.      0.   0. 250.   255. 255. 255.  100.  .1  0.  1.    !  azul      5
0 20. 20.   0.    250. 250.   0.   255. 255. 255.  100.  .1  0.  1.    !  amarela   6
0 0.  20.   0.      0. 180.   0.   255. 255. 255.  100.  .1  0.  1.    !  verde     7
0 20.  0.  20.    250.  80. 250.   255. 255. 255.  100.  .1  0.  1.    !  magenta   8
0 0.   0.   0.    200. 200. 200.     0.   0.   0.   70.  0.  0.  1.    !  parede    9
0 20. 20.  20.     30.  30.  30.     0.   0.   0.   15.  0.  0.  1.    !  quadro    10
0 10. 10.   0.     85.  60.   0.     0.   0.   0.   15.  0.  0.  1.    !  madeira   11
0 40. 40.   0.    150. 130.   0.     0.   0.   0.   15.  0.  0.  1.    !  taco      12
0 10. 10.  10.      0.   0.   0.     0.   0.   0.   15.  0.  0.  1.    !  ponteira  13
0 90. 90.  90.    200. 200. 200.     0.   0.   0.   15.  0.  0.  1.    !  giz       14
#LIGHT
0. -450. 600. 255 255 255
#SPHERE
3  20.     50.   -300.   20.
2  20.      0.      0.   20.
4  20.    -80.    -90.   20.
5  20.   -100.    300.   20.
6  20.    200.    200.   20.
7  20.    100.    480.   20.
8  20.   -300.    350.   20.
#BOX
0   -400. -600.  -20.      400.  600.  0.      !   mesa
1   -400. -580.  -20.     -380.  580.  20.     !   |
1    380. -580.  -20.      400.  580.  20.     !   |
1   -400. -600.  -20.      400. -580.  20.     !   |- moldura da mesa
1   -400.  580.  -20.      400.  600.  20.     !   |
9   -800.  600. -500.      800.  650.  900.    !   parede
10     0.  590.  130.      800.  600.  430.    !   quadro
11   -30.  595.  100.      830.  600.  460.    !   moldura do quadro
13  -312.  579.  500.     -308.  580. 520.                       !    |
13  -372.  579.  470.     -368.  580. 490.                       !    |
13  -492.  579.  500.     -488.  580. 520.                       !    |
11   -540. 560.  90.          -260.  600.  110.              !   | suportes
11   -540. 560. 430.          -260.  600.  450.              !   | dos tacos

#TRIANGLE                                                        !    |
12  -320.  580.  100.     -300.  580. 100.    -308.  580.  500.  !    |
12  -308.  580.  500.     -312.  580. 500.    -320.  580.  100.  !    |- taco1
!#BOX                                                             !    |

#TRIANGLE                                                        !    |
12  -380.  580.  100.     -360.  580. 100.    -368.  580.  470.  !    |
12  -368.  580.  500.     -372.  580. 470.    -380.  580.  100.  !    |- taco2
!#BOX                                                             !    |

#TRIANGLE                                                        !    |
12  -500.  580.  100.     -480.  580. 100.    -488.  580.  500.  !    |
12  -488.  580.  500.     -492.  580. 500.    -500.  580.  100.  !    |- taco3
!#BOX                                                             !    |

!#BOX
#TRIANGLE
14   200.  589. 180.       400.  589. 250.         395. 589. 250. !   riscos
14   100.  589. 370.       105.  589. 400.         100. 589. 400.
14   130.  589. 370.       135.  589. 400.         130. 589. 400.
14   160.  589. 370.       165.  589. 400.         160. 589. 400.
#FILM
35. 35.
#POSITION
45. -450. 70.   30. -300. 65.    0. 0. 1.
#GRID
2 2
#LENS
28. 
