RT 1.0
#SIZE
300 300
#BACKGROUND
0. 120. 255.
#SURFACE
0 40.  30.    0.      70.  50.   0.      0.   0.   0.     30.   0.  0.  1.   madeira
0 255. 255. 255.       0.   0.   0.      0.   0.   0.     30.   0.  0.  1.   lustre
0 50.   50.  50.     200. 200. 200.      0.   0.   0.     30.   0.  0.  1.   paredes
0 90.  100. 100.     150. 200. 200.      0.   0.   0.     30.   0.  0.  1.   teto
0 50.   30.   0.      70.  70.   0.      0.   0.   0.     30.   0.  0.  1.   piso
0 50.    0.  40.     100.   0.  90.      0.   0.   0.     30.   0.  0.  1.   mesa
0 30.   30.   0.     150. 150.   0.      0.   0.   0.      0.   0.  0.  1.   tapete
0 60.   40.   0.      80.  60.   0.      0.   0.   0.     30.   0.  0.  1.   estante
0 30.    0.   0.     100.   0.   0.    200.  50.  50.     50.   0.  0.  1.   bola
0 0.     0.  30.       0.   0. 100.     50.  50. 200.     30.   0.  0.  1.   caixa
0 20.   20.  20.       0.   0.   0.    100. 100. 100.     80.   .95 0.  1.   quadro
0 255. 255.  40.     255.   0.   0.    100. 100. 100.     80.   0.  0.  1.   desenho 1
0 30.   35. 255.       0. 255.   0.    100. 100. 100.     80.   0.  0.  1.   desenho 2
0 255.  45.  40.       0. 255. 255.    100. 100. 100.     80.   0.  0.  1.   desenho 3
0 35.  255.  40.     255.   0. 255.    100. 100. 100.     80.   0.  0.  1.   desenho 4
0 255. 255. 255.     255. 255.   0.    100. 100. 100.     80.   0.  0.  1.   desenho 5
#LIGHT
0.      12.   245.    200 200 200
-100.    0. -1000.    255 255 255
900.   -50.   245.    100 100 100
#SPHERE
1   10.    0. 30. 245.
#BOX                                                parede com janela
2   -200.  -165.   95.      200.  -88.75 105.
2   -200.   -21.25 95.      200.   35.   105.
2   -200.  -165.   95.      -67.5  35.   105.
2     67.5 -165.   95.      200.   35.   105.
#BOX
2   -200. -165. 395.      200.   35. 405.           parede esquerda
2   -205. -165.  95.     -200.   35. 405.           parede fundo
3   -200.   35.  95.      200.   40. 405.           teto
4   -200. -170.  95.      200. -165. 405.           piso
5    -70. -165. 390.      -65. -100. 395.           |
5     65. -165. 390.       70. -100. 395.           |- pes da mesa
5    -70. -165. 280.      -65. -100. 285.           |
5     65. -165. 280.       70. -100. 285.           |
5    -70. -150. 280.      -68. -125. 395.           lateral da mesa
5     68. -150. 280.       70. -125. 395.           lateral da mesa
5    -70. -100. 280.       70.  -90. 395.           tampa da mesa
0    -68.  -89.  95.      -65.  -21. 105.           |
0     65.  -89.  95.       68.  -21. 105.           |
0    -68.  -24.  95.       68.  -21. 105.           |- armacao janela
0    -68.  -89.  95.       68.  -86. 105.           |
0     -1.  -89. 100.        1.  -21. 105.           |
0    -68.  -55. 100.       68.  -52. 105.           |
6   -150. -166. 145.      150. -164. 325.           tapete
7   -200. -120. 105.     -100. -118. 205.           tampa da estante
7   -200. -165. 110.     -100. -120. 112.           pe da estante (mais longe)
7   -200. -165. 198.     -100. -120. 200.           pe da estante
7   -200. -135. 110.     -100. -133. 200.           prateleira
9   -150. -118. 170.     -120.  -98. 200.           caixa
!0   -200. -100. 315.     -199.    0. 370.           moldura do quadro
!10  -199.  -95. 320.      -198.5  -5. 365.           quadro
0   -200. -100. 215.     -199.    0. 370.           moldura do quadro
!10  -199.  -95. 220.      -198.5  -5. 365.           quadro
#TRIANGLE
!11  -197.  -50.  335.       -197. -15. 275.        -197. -12.  300.
12  -197.  -65.  270.       -197. -55. 258.        -197. -35.  275.
13  -197.  -80.  300.       -197. -85. 278.        -197. -15.  290.
14  -197.  -85.  273.       -197. -90. 260.        -197. -70.  269.
15  -197.  -88.  330.       -197. -55. 300.        -197. -73.  340.
!Extras:
!0  -197.  88.  330.       -197. 55. 300.        -197. 73.  340.
8   100.  -103. 150.    140.  -83. 150.      140.  -103. 180.
8   100.  -23. 250.    140.  -3. 250.      140.  -23. 280.
#SPHERE
8   15.   -150.  -103. 150.                          bola
#FILM
35 35
#POSITION
!1000. -50. 245.    950. -50. 245.      0. 1. 0.
280. -50. 245.    0. -100. 245.      0. 1. 0.
#GRID
2 2
#LENS
20
#MAXREFLEX
1
