RT 1.0
#SIZE
200 200
#BACKGROUND
0. 120. 255.
#SURFACE
0 40.  30.    0.      70.  50.   0.      0.   0.   0.     30.   0.  0.  1.   madeira
0 255. 255. 255.       0.   0.   0.      0.   0.   0.     30.   0.  0.  1.   lustre
0 50.   50.  50.     200. 200. 200.      0.   0.   0.     30.   0.  0.  1.   paredes
0 90.  100. 100.     150. 200. 200.      0.   0.   0.     30.   0.  0.  1.   teto
0 50.   30.   0.      70.  70.   0.      0.   0.   0.     30.   0.  0.  1.   piso
0 50.    0.  40.     100.   0.  90.      0.   0.   0.     30.   0.  0.  1.   mesa
0 30.   30.   0.     150. 150.   0.      0.   0.   0.      0.   0.  0.  1.   tapete
0 60.   40.   0.      80.  60.   0.      0.   0.   0.     30.   0.  0.  1.   estante
0 30.    0.   0.     100.   0.   0.    200.  50.  50.     50.   0.  0.  1.   bola
0 0.     0.  30.       0.   0. 100.     50.  50. 200.     30.   0.  0.  1.   caixa
0 20.   20.  20.       0.   0.   0.    100. 100. 100.     80.   .95 0.  1.   quadro
0 255. 255.  40.       0.   0.   0.    100. 100. 100.     80.   0.  0.  1.   desenho 1
0 30.   35. 255.       0.   0.   0.    100. 100. 100.     80.   0.  0.  1.   desenho 2
0 255.  45.  40.       0.   0.   0.    100. 100. 100.     80.   0.  0.  1.   desenho 3
0 35.  255.  40.       0.   0.   0.    100. 100. 100.     80.   0.  0.  1.   desenho 4
0 255. 255. 255.       0.   0.   0.    100. 100. 100.     80.   0.  0.  1.   desenho 5
0 160. 160.  60.     180. 180.   0.    255.  255.  255.   40.   0.  0.  1.   pessoa
#LIGHT
0.      12.   245.    200 200 200
-100.    0. -1000.    255 255 255
900.   -50.   245.    100 100 100
#SPHERE
1   10.    0. 30. 245.
#BOX                                                parede com janela
2   -200.  -165.   95.      200.  -88.75 105.
2   -200.   -21.25 95.      200.   35.   105.
2   -200.  -165.   95.      -67.5  35.   105.
2     67.5 -165.   95.      200.   35.   105.
#BOX
2   -200. -165. 395.      200.   35. 405.           parede esquerda
2   -205. -165.  95.     -200.   35. 405.           parede fundo
3   -200.   35.  95.      200.   40. 405.           teto
4   -200. -170.  95.      200. -165. 405.           piso
5    -70. -165. 390.      -65. -100. 395.           |
5     65. -165. 390.       70. -100. 395.           |- pes da mesa
5    -70. -165. 280.      -65. -100. 285.           |
5     65. -165. 280.       70. -100. 285.           |
5    -70. -150. 280.      -68. -125. 395.           lateral da mesa
5     68. -150. 280.       70. -125. 395.           lateral da mesa
5    -70. -100. 280.       70.  -90. 395.           tampa da mesa
0    -68.  -89.  95.      -65.  -21. 105.           |
0     65.  -89.  95.       68.  -21. 105.           |
0    -68.  -24.  95.       68.  -21. 105.           |- armacao janela
0    -68.  -89.  95.       68.  -86. 105.           |
0     -1.  -89. 100.        1.  -21. 105.           |
0    -68.  -55. 100.       68.  -52. 105.           |
6   -150. -166. 145.      150. -164. 325.           tapete
7   -200. -120. 105.     -100. -118. 205.           tampa da estante
7   -200. -165. 110.     -100. -120. 112.           pe da estante (mais longe)
7   -200. -165. 198.     -100. -120. 200.           pe da estante
7   -200. -135. 110.     -100. -133. 200.           prateleira
9   -150. -118. 170.     -120.  -98. 200.           caixa
0   -200. -100. 315.     -199.    0. 370.           moldura do quadro
10  -199.  -95. 320.      -198.5  -5. 365.           quadro
#TRIANGLE
11  -198.  -50.  335.       -198. -15. 275.        -198. -12.  300.
12  -198.  -65.  270.       -198. -55. 258.        -198. -35.  275.
13  -198.  -80.  300.       -198. -85. 278.        -198. -15.  290.
14  -198.  -85.  273.       -198. -90. 260.        -198. -70.  269.
15  -198.  -88.  330.       -198. -55. 300.        -198. -73.  340.
#SPHERE
8   15.   -150.  -103. 150.                          bola
#SPHERE         !pessoa
16  5.0    -1.0  0.0  20.0
16  5.0    -1.0  0.0  -20.0
16  5.0     2.0  55.0  20.0
16  5.0     2.0  55.0  -20.0
16  6.0     2.0  202.0  32.0      ombros
16  6.0     2.0  202.0  -32.0     
16 18.0     0.0  235.0 0.0        cabeça
16  8.0     2.0  203.0 -125.0     mão (dedo)
16  8.0     2.0  115.0  45.0     mão
#BOX            !pessoa
16       5.   -5.  -25.     25.    5.  -15.        pés
16       5.   -5.   15.     25.    5.   25. 
;
16      -5.    5.  -25.      5.   50.  -15. 
16      -5.    5.   15.      5.   50.   25. 
16      -5.   60.  -25.      5.  110.  -15. 
16      -5.   60.   15.      5.  110.   25. 
16      -5.  112.  -25.      5.  210.   25.        corpo
16      -4.  200. -115.      4.  210.  -40.        braço esticado
16      -5.  125.   50.      5.  210.   40.        outro braço
16      -2.  205. -145.      2.  209. -135.        dedo
#FILM
35 35
#POSITION
350. -50. 245.    0. -100. 245.      0. 1. 0.
#GRID
2 2
#LENS
20
#MAXREFLEX
1
